acc: 0.98026043
allgood: 0.79153271